"","district","zone","geographical_region","development_region","winner2008","grade_1","grade_2","grade_3","grade_4","grade_5","grade_6","grade_7","grade_8","grade_9","grade_10","income2001","professionaljobs2001","adminjobs2001","pop2011","povline2011","popdens2011","literacy2011","hdi2011","femalepop2011","femaleliteracy2011","prop2013"
"1","Taplejung","Mechi","Mountain","Eastern",0,8.8,4.7,6.2,4.9,11.7,8.4,9.5,13.3,9,6.4,0.334,19.08,20.83,127461,27,35,71.3,0.545,66909,64.1,0.0869565217391304
"2","Panchthar","Mechi","Hill","Eastern",0,10.7,3.6,4.5,4,5.9,6.3,7.2,6,5.5,7.2,0.399,14.57,10.71,191817,11.4,155,72.6,0.552,101631,65.8,0.0294117647058824
"3","Ilam","Mechi","Hill","Eastern",0,9.2,4.8,5.9,4,9.7,7.3,5.4,11.2,5.6,8,0.359,18.18,8.99,290254,7.3,170,77.9,0.578,149128,72,0.0512820512820513
"4","Jhapa","Mechi","Terai","Eastern",0.142857142857143,11.2,1.9,2.4,2.2,3,4,3.4,3,2.4,3.8,0.32,20.23,17.64,812650,10.6,506,75.1,0.565,427554,68.6,0.152046783625731
"5","Sankhuwasabha","Kosi","Mountain","Eastern",0,4,5,5.7,3.9,6.5,7.2,6.5,7.5,8.3,7.7,0.335,16.64,15.98,158742,21,46,69.4,0.546,83517,62.2,0.0967741935483871
"6","Terhathum","Kosi","Hill","Eastern",0,3.4,7.7,6.4,4.3,8.1,10.2,6.6,10.7,8.1,8.4,0.317,21.7,7.73,101577,14.6,150,74.6,0.575,54426,67,0.0555555555555556
"7","Bhojpur","Kosi","Hill","Eastern",0,3,4.7,8,4.3,6.8,7.3,9.8,6.3,7,8.7,0.392,15.02,21.68,182459,24.4,121,69.3,0.537,96406,61.4,0.0714285714285714
"8","Dhankuta","Kosi","Hill","Eastern",0,9.3,4.9,6.7,2.2,5.6,7.3,5.3,9.3,4.9,9.2,0.329,22,12.93,163412,15.9,183,74.4,0.57,86897,67.4,0
"9","Morang","Kosi","Terai","Eastern",0,10.5,4.3,1.8,1.9,4.2,3.5,2.6,3.5,2.5,5.4,0.271,18.38,15.01,965370,16.5,520,70.6,0.562,498658,63.1,0.0962962962962963
"10","Sunsari","Kosi","Terai","Eastern",0,8.6,4.4,2,3.2,4,6.9,5.5,7.9,5.6,6.2,0.251,16.78,13.07,763487,12,607,68.5,0.545,392258,60.5,0.116591928251121
"11","Solukhumbu","Sagarmatha","Mountain","Eastern",0,9.2,9.6,4.9,3.8,15,9.8,9.3,4.8,13.1,10.2,0.351,16.36,7.36,105886,25.7,32,64.2,0.558,54686,55.7,0
"12","Khotang","Sagarmatha","Hill","Eastern",0.5,4.4,9.3,6.3,6.7,8.3,9.2,14.2,9.5,8.4,9.9,0.384,15.89,1.82,206312,25,130,68.8,0.552,109220,61.1,0.0869565217391304
"13","Okhaldhunga","Sagarmatha","Hill","Eastern",0,7.4,4.8,1.6,4.1,6.7,6.3,5.4,8.1,11.4,10.1,0.393,20.48,11.94,147984,20.5,138,64.4,0.529,79297,56,0.0714285714285714
"14","Udayapur","Sagarmatha","Hill","Eastern",0.333333333333333,5.9,4.6,3.7,3.4,3.3,4,2.7,4.5,5.4,4.3,0.384,13.84,10.49,317532,25.9,154,68.8,0.533,167820,61.5,0.196969696969697
"15","Saptari","Sagarmatha","Terai","Eastern",0.166666666666667,1.2,4.7,6.2,5.1,6.7,8.4,10.8,9.5,9.8,12.2,0.22,9.79,8.31,639284,39.5,469,54.5,0.498,325438,42.6,0.088
"16","Siraha","Sagarmatha","Terai","Eastern",0,7,2.7,1.9,3.8,4.6,6.9,8.8,9.7,9.3,10.7,0.217,9.28,9.54,637328,34.6,536,50.2,0.474,327227,39.2,0.112033195020747
"17","Dolakha","Janakpur","Mountain","Central",0.5,5.2,4.9,4.8,5.3,4.5,8.5,8.2,10.6,7.3,9.8,0.319,13.13,8.14,186557,26,85,62.8,0.522,99554,53.7,0.0212765957446809
"18","Ramechhap","Janakpur","Hill","Central",0,10.6,4.7,6.2,3.5,5,6.9,4.7,4.5,7.9,5,0.46,8.17,9.55,202646,25.6,131,62.2,0.532,109260,53.5,0.03125
"19","Sindhuli","Janakpur","Hill","Central",0.333333333333333,2.4,4.5,3.2,3.9,6.3,6.2,6.3,5.7,6.4,9.7,0.389,13.87,8.38,296192,38.3,119,60.5,0.504,154069,52.1,0.108695652173913
"20","Mahottari","Janakpur","Terai","Central",0,14.2,3.2,1.4,2.9,3.8,7.4,10.7,10.5,9,14.1,0.194,9.11,5.14,627580,16.2,262,46.4,0.454,316564,36.6,0.06
"21","Sarlahi","Janakpur","Terai","Central",0.166666666666667,16.3,3.2,1.7,4.3,4.5,9,12.9,11.5,8.2,8.2,0.232,11.51,10.77,769729,17.7,611,46.3,0.469,379973,36.6,0.0862745098039216
"22","Rasuwa","Bagmati","Mountain","Central",0,4.6,9.6,9.3,5.6,13.1,11.6,12.6,16.1,7.2,9.7,0.322,17.12,8.28,43300,31.6,28,53.6,0.52,21825,46.5,0.3125
"23","Dhading","Bagmati","Hill","Central",0.333333333333333,9.6,4.6,3.8,3.9,4.9,6.4,4.9,7.9,7.7,9.7,0.346,19.96,7.78,336067,18.8,174,62.9,0.524,178233,55.7,0.0793650793650794
"24","Nuwakot","Bagmati","Hill","Central",0.333333333333333,4.4,8.2,5.6,1.3,4.1,9.5,10,10.4,9.7,15.1,0.324,15.32,10.59,277471,20.3,248,59.8,0.524,144684,52.4,0.1875
"25","Kathmandu","Bagmati","Hill","Central",0.2,7.5,3.6,0.2,1.8,2.4,2.7,2.4,2.5,1.3,3.4,0.239,24.94,16.18,1744240,7.6,4416,86.3,0.666,831239,79.8,0.205479452054795
"26","Bhaktapur","Bagmati","Hill","Central",0,5,4.6,4.1,4.5,7.3,5.8,3.8,3.7,4,6.3,0.292,27.14,13.23,304651,12.5,2560,81.7,0.618,149767,72.7,0.15625
"27","Lalitpur","Bagmati","Hill","Central",0.333333333333333,11,4.5,4.2,3.9,6.8,5.4,1.7,5.4,2.5,6.8,0.253,24.51,17.63,468132,7.6,1216,82.5,0.64,230050,74.7,0.145454545454545
"28","Sindhupalchok","Bagmati","Mountain","Central",0,11,4.8,6.7,7.9,6.2,8.4,7,8.4,5.4,11.7,0.488,13.78,5.27,287798,25.4,113,59.6,0.514,149447,51.9,0.12962962962963
"29","Makwanpur","Narayani","Hill","Central",0.25,2.9,4.5,2.2,2.9,4,6.5,6.1,9.3,6.1,10.7,0.356,18.46,12.76,420477,27.9,173,67.9,0.551,213793,60.6,0.170454545454545
"30","Rautahat","Narayani","Terai","Central",0,7.4,3.4,4.2,3.9,8.2,10.6,9.7,11.6,11.6,14.5,0.272,11.08,8.99,686722,33.6,610,41.7,0.46,335643,32,0.0703703703703704
"31","Bara","Narayani","Terai","Central",0,10.4,4.5,2.3,4.1,9,7,6.3,9.7,7.4,14.6,0.159,12.11,6.31,687708,33.4,578,52,0.519,336464,40.7,0.0788381742738589
"32","Parsa","Narayani","Terai","Central",0.2,6.8,3.4,2.6,4.1,6.7,7.9,9.8,11.6,13.3,14.1,0.195,15.74,9.15,601017,29.9,444,55.9,0.522,288659,43.9,0.0761904761904762
"33","Gorkha","Gandaki","Hill","Western",0.333333333333333,4.6,4.7,6,3.1,10.5,8.2,6.7,8.1,7.6,9.2,0.453,16.24,9.67,271061,8.9,75,66.3,0.545,150020,59.4,0.236842105263158
"34","Manang","Gandaki","Mountain","Western",0,14.3,19.6,19.4,14.1,12.3,10.4,14.3,16.3,11.1,11.3,0.383,18.34,15.02,6538,4,3,74.8,0.608,2877,64.2,0
"35","Lamjung","Gandaki","Hill","Western",0,11.8,5.2,2.7,3.7,8.9,8,8.4,7.2,6.7,8,0.444,18.96,8.6,167724,20.4,99,71.1,0.564,91811,63.3,0
"36","Kaski","Gandaki","Hill","Western",0.25,6.9,4.5,4,3,3.4,4,4.4,3,2.9,4.3,0.332,21.2,13.31,492098,11.8,244,82.4,0.623,255713,75.4,0.194805194805195
"37","Tanahu","Gandaki","Hill","Western",0,6.9,4.9,5.1,3.8,3.8,6.5,3.8,6.1,5.3,6.8,0.449,22.89,8.64,323288,16.8,209,74.8,0.565,179878,67.9,0.224489795918367
"38","Syangja","Gandaki","Hill","Western",0,10.6,4.9,4.6,3.1,6.5,6.5,3.5,6.4,5.2,7.3,0.316,21.78,14.05,289148,14.8,248,76.6,0.579,163315,69.6,0.102564102564103
"39","Gulmi","Lumbini","Hill","Western",0,5.1,3.6,4.2,2.8,8.5,3.1,3.5,4.2,4.7,5.3,0.439,18.48,14.29,280160,22.9,244,72.6,0.526,159165,65.9,0.114285714285714
"40","Palpa","Lumbini","Hill","Western",0.333333333333333,7,4.6,3.9,3.8,6.6,6.7,3.4,6.2,5.9,6.7,0.415,22.39,18.33,261180,25.6,190,76.2,0.557,145340,69.5,0.147058823529412
"41","Arghakhanchi","Lumbini","Hill","Western",0.5,5.3,4.9,7,3.5,8.7,5.2,5.8,8.4,8.5,6.9,0.503,19.39,6.97,197632,35.5,166,72.6,0.54,111366,65.8,0.0909090909090909
"42","Rupandehi","Lumbini","Terai","Western",0,11.4,2.4,1.2,3.5,3.2,3.6,4,5.1,3,5.4,0.26,21.22,12.84,880196,17,647,69.8,0.549,448003,60.8,0.0502092050209205
"43","Kapilbastu","Lumbini","Terai","Western",0,3.7,4.3,2,1.8,6.5,6.5,7.7,8.5,5.4,11.1,0.229,16.42,11.23,571936,17.3,329,54.9,0.49,286337,45,0.0861244019138756
"44","Mustang","Dhawalagiri","Mountain","Western",0,10.5,6.9,11.9,14,15.2,22.6,9.6,10.2,8.7,8.2,0.358,17.31,21.68,13452,36.9,4,66.2,0.552,6359,55.8,0.285714285714286
"45","Myagdi","Dhawalagiri","Hill","Western",0,10.9,4.9,3.1,4.8,4,12.6,8,11.6,9.3,10.2,0.408,15.22,20.26,113641,40,49,71.9,0.552,62246,64.5,0.133333333333333
"46","Baglung","Dhawalagiri","Hill","Western",0,6.6,4.9,5.1,3.9,8,6.2,5.3,7.1,4.5,6.1,0.417,20.36,16.83,268613,12.7,151,71.9,0.538,150616,65.3,0.171428571428571
"47","Parbat","Dhawalagiri","Hill","Western",0,15.9,5.4,8.8,4.3,17.3,9.5,17.1,8.9,6.5,6.5,0.432,18.37,8.91,146590,28.6,297,73.8,0.566,81289,66.4,0.103448275862069
"48","Rolpa","Rapti","Hill","Mid-Western",0.5,3.4,4.7,6.6,6.1,3.7,8.1,6.1,10.7,13.1,16.4,0.382,14.57,3.72,224506,32.2,119,60,0.464,121406,50.5,0.115384615384615
"49","Pyuthan","Rapti","Hill","Mid-Western",0,2.9,5.6,4.6,4.6,13.3,11.9,9.8,16.8,8.9,13.5,0.491,11.04,4.23,228102,28.8,174,67,0.476,128049,58.6,0.05
"50","Salyan","Rapti","Hill","Mid-Western",0,4.7,5.3,5.8,4.1,7.6,7.4,7.9,11.7,9.4,10.8,0.456,16.02,5.94,242444,26.3,166,64,0.505,126475,55.2,0.217391304347826
"51","Dang","Rapti","Terai","Mid-Western",0.4,8.7,2.6,1.8,2.7,3.4,4,5,5,3.8,8.4,0.293,16.65,11.61,552583,28.8,187,70.3,0.537,291524,62.8,0.214953271028037
"52","Dolpa","Karnali","Mountain","Mid-Western",0,6.2,17.1,10.2,6.2,9.3,16.4,11.3,11.3,2.7,17.6,0.401,15.08,8.52,36700,37.7,5,54.1,0.448,18462,40.6,0.181818181818182
"53","Mugu","Karnali","Mountain","Mid-Western",0,12.3,4.9,9.7,11.4,14.6,7.9,7.9,12.4,16.1,10.4,0.409,10.42,3.29,55286,57.9,16,51.3,0.451,27261,36.9,0
"54","Jumla","Karnali","Mountain","Mid-Western",0,14,7.9,14.5,9.4,16.7,10.1,18.3,22.8,12.3,15.4,0.414,16.72,6.98,108921,42.8,43,54.7,0.459,54023,40.8,0.1
"55","Kalikot","Karnali","Mountain","Mid-Western",0,5.3,5.2,3.6,9.7,7.7,12.7,15.8,14.6,9.2,13.4,0.301,14.49,31.78,136948,49,79,56.8,0.432,68115,45.7,0
"56","Humla","Karnali","Mountain","Mid-Western",0,8.4,4.8,18.5,4,27,10.8,9.6,15,12,16.6,0.418,11.88,3.21,50858,47.1,9,47.8,0.432,25025,33,0.181818181818182
"57","Jajarkot","Bheri","Hill","Mid-Western",0,9.6,5.1,5.3,3.5,9.7,7.8,7,12.6,11.3,11,0.428,21.09,7.46,171304,35.8,77,57.3,0.455,85767,48.7,0
"58","Dailekh","Bheri","Hill","Mid-Western",0,4.1,4.6,3.6,4.1,10.1,6.8,8.7,11.8,3.7,10.3,0.474,10.51,5.82,261770,30.5,174,62.5,0.485,134780,52.9,0
"59","Surkhet","Bheri","Hill","Mid-Western",0.333333333333333,8.2,4.4,2.6,3.8,4.9,6.2,7.2,7.6,8.3,14,0.42,18.66,8.48,350804,28.7,143,73.1,0.535,181383,64.9,0.106382978723404
"60","Banke","Bheri","Terai","Mid-Western",0.25,3.5,3.7,2,3.8,6.3,4.9,3,5.8,7,10.7,0.269,22.29,12.52,491313,25.1,210,62.4,0.528,247058,54.9,0.147826086956522
"61","Bardiya","Bheri","Terai","Mid-Western",0.25,5.6,3.1,1.8,3.4,4.3,6.1,4.8,6.8,4.5,6.3,0.305,19.01,10.87,426576,26.4,211,65.4,0.519,221496,57.9,0.166666666666667
"62","Bajura","Seti","Mountain","Far-Western",0,4.3,4.8,9.8,5.5,8.8,12.5,14.3,11.3,10.5,12.3,0.449,14.06,3.2,134912,56,62,55.7,0.425,69106,43.3,0
"63","Achham","Seti","Hill","Far-Western",0,3.8,5.4,3.7,3.9,11.7,8.7,10.6,10,10.9,11.2,0.489,9.2,9.77,257477,56.8,153,55.7,0.446,137469,42.9,0
"64","Bajhang","Seti","Mountain","Far-Western",0,11.8,4.8,5.6,4.5,14.7,10,7.4,17.7,13.8,11.6,0.457,9.29,9.21,195159,64.1,57,55.6,0.43,102365,40.1,0
"65","Doti","Seti","Hill","Far-Western",0,6.7,4.9,6.9,7.5,8.7,9.7,9.3,9.5,15,13.4,0.419,7.91,8.76,211746,47.2,105,56.3,0.47,114494,42.3,0
"66","Baitadi","Mahakali","Hill","Far-Western",0.5,4.5,4.8,1.6,3.3,3.5,6.5,7.4,5.5,4.8,8.3,0.464,12.77,7.52,250898,45.7,165,63,0.486,133491,49.2,0.105263157894737
"67","Dadeldhura","Mahakali","Hill","Far-Western",0,5.3,4.9,7.6,8.3,7,10.2,6,11.8,7.2,13.3,0.39,9.9,5.61,142094,43.3,92,65.3,0.503,75538,52.9,0.0625
